(kicad_pcb (version 20171130) (host pcbnew "(5.1.2)-2")

  (general
    (thickness 1.6)
    (drawings 15)
    (tracks 228)
    (zones 0)
    (modules 28)
    (nets 45)
  )

  (page A4)
  (layers
    (0 F.Cu signal)
    (31 B.Cu signal)
    (32 B.Adhes user)
    (33 F.Adhes user)
    (34 B.Paste user)
    (35 F.Paste user)
    (36 B.SilkS user)
    (37 F.SilkS user)
    (38 B.Mask user)
    (39 F.Mask user)
    (40 Dwgs.User user hide)
    (41 Cmts.User user)
    (42 Eco1.User user)
    (43 Eco2.User user)
    (44 Edge.Cuts user)
    (45 Margin user)
    (46 B.CrtYd user)
    (47 F.CrtYd user)
    (48 B.Fab user)
    (49 F.Fab user)
  )

  (setup
    (last_trace_width 0.25)
    (trace_clearance 0.2)
    (zone_clearance 0.508)
    (zone_45_only no)
    (trace_min 0.2)
    (via_size 0.8)
    (via_drill 0.4)
    (via_min_size 0.4)
    (via_min_drill 0.3)
    (uvia_size 0.3)
    (uvia_drill 0.1)
    (uvias_allowed no)
    (uvia_min_size 0.2)
    (uvia_min_drill 0.1)
    (edge_width 0.05)
    (segment_width 0.2)
    (pcb_text_width 0.3)
    (pcb_text_size 1.5 1.5)
    (mod_edge_width 0.12)
    (mod_text_size 1 1)
    (mod_text_width 0.15)
    (pad_size 2.1 1.8)
    (pad_drill 0)
    (pad_to_mask_clearance 0.051)
    (solder_mask_min_width 0.25)
    (aux_axis_origin 0 0)
    (visible_elements 7FFDFFFF)
    (pcbplotparams
      (layerselection 0x010f4_ffffffff)
      (usegerberextensions true)
      (usegerberattributes false)
      (usegerberadvancedattributes false)
      (creategerberjobfile false)
      (excludeedgelayer true)
      (linewidth 0.100000)
      (plotframeref false)
      (viasonmask false)
      (mode 1)
      (useauxorigin false)
      (hpglpennumber 1)
      (hpglpenspeed 20)
      (hpglpendiameter 15.000000)
      (psnegative false)
      (psa4output false)
      (plotreference true)
      (plotvalue false)
      (plotinvisibletext false)
      (padsonsilk false)
      (subtractmaskfromsilk false)
      (outputformat 1)
      (mirror false)
      (drillshape 0)
      (scaleselection 1)
      (outputdirectory "Gerbers-Drill/"))
  )

  (net 0 "")
  (net 1 GND)
  (net 2 /UCAP)
  (net 3 /VUSB)
  (net 4 /XTAL1)
  (net 5 /XTAL2)
  (net 6 "Net-(D1-Pad2)")
  (net 7 /ROW0)
  (net 8 "Net-(D2-Pad2)")
  (net 9 /ROW1)
  (net 10 "Net-(D3-Pad2)")
  (net 11 "Net-(D4-Pad2)")
  (net 12 "Net-(D5-Pad2)")
  (net 13 "Net-(D6-Pad2)")
  (net 14 "Net-(J1-Pad2)")
  (net 15 "Net-(J1-Pad3)")
  (net 16 "Net-(J1-Pad4)")
  (net 17 /COL0)
  (net 18 /COL1)
  (net 19 /COL2)
  (net 20 /D-)
  (net 21 /D+)
  (net 22 /~RESET~)
  (net 23 /~HWB~)
  (net 24 "Net-(U1-Pad42)")
  (net 25 "Net-(U1-Pad36)")
  (net 26 "Net-(U1-Pad12)")
  (net 27 "Net-(U1-Pad18)")
  (net 28 "Net-(U1-Pad19)")
  (net 29 "Net-(U1-Pad20)")
  (net 30 "Net-(U1-Pad21)")
  (net 31 "Net-(U1-Pad22)")
  (net 32 "Net-(U1-Pad28)")
  (net 33 "Net-(U1-Pad27)")
  (net 34 "Net-(U1-Pad26)")
  (net 35 "Net-(U1-Pad8)")
  (net 36 "Net-(U1-Pad9)")
  (net 37 "Net-(U1-Pad25)")
  (net 38 "Net-(U1-Pad10)")
  (net 39 "Net-(U1-Pad11)")
  (net 40 "Net-(U1-Pad29)")
  (net 41 "Net-(U1-Pad30)")
  (net 42 "Net-(U1-Pad31)")
  (net 43 "Net-(U1-Pad32)")
  (net 44 "Net-(U1-Pad1)")

  (net_class Default "This is the default net class."
    (clearance 0.2)
    (trace_width 0.25)
    (via_dia 0.8)
    (via_drill 0.4)
    (uvia_dia 0.3)
    (uvia_drill 0.1)
    (add_net /COL0)
    (add_net /COL1)
    (add_net /COL2)
    (add_net /D+)
    (add_net /D-)
    (add_net /ROW0)
    (add_net /ROW1)
    (add_net /UCAP)
    (add_net /VUSB)
    (add_net /XTAL1)
    (add_net /XTAL2)
    (add_net /~HWB~)
    (add_net /~RESET~)
    (add_net GND)
    (add_net "Net-(D1-Pad2)")
    (add_net "Net-(D2-Pad2)")
    (add_net "Net-(D3-Pad2)")
    (add_net "Net-(D4-Pad2)")
    (add_net "Net-(D5-Pad2)")
    (add_net "Net-(D6-Pad2)")
    (add_net "Net-(J1-Pad2)")
    (add_net "Net-(J1-Pad3)")
    (add_net "Net-(J1-Pad4)")
    (add_net "Net-(U1-Pad1)")
    (add_net "Net-(U1-Pad10)")
    (add_net "Net-(U1-Pad11)")
    (add_net "Net-(U1-Pad12)")
    (add_net "Net-(U1-Pad18)")
    (add_net "Net-(U1-Pad19)")
    (add_net "Net-(U1-Pad20)")
    (add_net "Net-(U1-Pad21)")
    (add_net "Net-(U1-Pad22)")
    (add_net "Net-(U1-Pad25)")
    (add_net "Net-(U1-Pad26)")
    (add_net "Net-(U1-Pad27)")
    (add_net "Net-(U1-Pad28)")
    (add_net "Net-(U1-Pad29)")
    (add_net "Net-(U1-Pad30)")
    (add_net "Net-(U1-Pad31)")
    (add_net "Net-(U1-Pad32)")
    (add_net "Net-(U1-Pad36)")
    (add_net "Net-(U1-Pad42)")
    (add_net "Net-(U1-Pad8)")
    (add_net "Net-(U1-Pad9)")
  )

  (module keebs:Mx_Alps_100 (layer F.Cu) (tedit 58057B75) (tstamp 5D3F2C77)
    (at 128.805 94.82)
    (descr MXALPS)
    (tags MXALPS)
    (path /5D3F8B73)
    (fp_text reference K1 (at 0 -3.048) (layer B.SilkS)
      (effects (font (size 1 1) (thickness 0.2)) (justify mirror))
    )
    (fp_text value KEYSW (at 5.334 10.922) (layer B.SilkS) hide
      (effects (font (size 1.524 1.524) (thickness 0.3048)) (justify mirror))
    )
    (fp_line (start -7.62 7.62) (end -7.62 -7.62) (layer Dwgs.User) (width 0.3))
    (fp_line (start 7.62 7.62) (end -7.62 7.62) (layer Dwgs.User) (width 0.3))
    (fp_line (start 7.62 -7.62) (end 7.62 7.62) (layer Dwgs.User) (width 0.3))
    (fp_line (start -7.62 -7.62) (end 7.62 -7.62) (layer Dwgs.User) (width 0.3))
    (fp_line (start 7.75 -6.4) (end -7.75 -6.4) (layer Dwgs.User) (width 0.3))
    (fp_line (start 7.75 6.4) (end 7.75 -6.4) (layer Dwgs.User) (width 0.3))
    (fp_line (start -7.75 6.4) (end 7.75 6.4) (layer Dwgs.User) (width 0.3))
    (fp_line (start -7.75 6.4) (end -7.75 -6.4) (layer Dwgs.User) (width 0.3))
    (fp_line (start -6.985 6.985) (end -6.985 -6.985) (layer Eco2.User) (width 0.1524))
    (fp_line (start 6.985 6.985) (end -6.985 6.985) (layer Eco2.User) (width 0.1524))
    (fp_line (start 6.985 -6.985) (end 6.985 6.985) (layer Eco2.User) (width 0.1524))
    (fp_line (start -6.985 -6.985) (end 6.985 -6.985) (layer Eco2.User) (width 0.1524))
    (fp_line (start -6.35 -4.572) (end -6.35 -6.35) (layer F.SilkS) (width 0.381))
    (fp_line (start -6.35 6.35) (end -6.35 4.572) (layer F.SilkS) (width 0.381))
    (fp_line (start -4.572 6.35) (end -6.35 6.35) (layer F.SilkS) (width 0.381))
    (fp_line (start 6.35 6.35) (end 4.572 6.35) (layer F.SilkS) (width 0.381))
    (fp_line (start 6.35 4.572) (end 6.35 6.35) (layer F.SilkS) (width 0.381))
    (fp_line (start 6.35 -6.35) (end 6.35 -4.572) (layer F.SilkS) (width 0.381))
    (fp_line (start 4.572 -6.35) (end 6.35 -6.35) (layer F.SilkS) (width 0.381))
    (fp_line (start -6.35 -6.35) (end -4.572 -6.35) (layer F.SilkS) (width 0.381))
    (fp_line (start -9.398 9.398) (end -9.398 -9.398) (layer Dwgs.User) (width 0.1524))
    (fp_line (start 9.398 9.398) (end -9.398 9.398) (layer Dwgs.User) (width 0.1524))
    (fp_line (start 9.398 -9.398) (end 9.398 9.398) (layer Dwgs.User) (width 0.1524))
    (fp_line (start -9.398 -9.398) (end 9.398 -9.398) (layer Dwgs.User) (width 0.1524))
    (fp_line (start -6.35 6.35) (end -6.35 -6.35) (layer Cmts.User) (width 0.1524))
    (fp_line (start 6.35 6.35) (end -6.35 6.35) (layer Cmts.User) (width 0.1524))
    (fp_line (start 6.35 -6.35) (end 6.35 6.35) (layer Cmts.User) (width 0.1524))
    (fp_line (start -6.35 -6.35) (end 6.35 -6.35) (layer Cmts.User) (width 0.1524))
    (pad 2 thru_hole oval (at 2.52 -4.79 356.1) (size 2.5 3.08) (drill oval 1.5 2.08) (layers *.Cu *.Mask F.SilkS)
      (net 6 "Net-(D1-Pad2)"))
    (pad 1 thru_hole oval (at -3.405 -3.27 330.95) (size 2.5 4.17) (drill oval 1.5 3.17) (layers *.Cu *.Mask F.SilkS)
      (net 17 /COL0))
    (pad HOLE np_thru_hole circle (at 5.08 0) (size 1.7018 1.7018) (drill 1.7018) (layers *.Cu))
    (pad HOLE np_thru_hole circle (at -5.08 0) (size 1.7018 1.7018) (drill 1.7018) (layers *.Cu))
    (pad HOLE np_thru_hole circle (at 0 0) (size 3.9878 3.9878) (drill 3.9878) (layers *.Cu))
  )

  (module keebs:Mx_Alps_100 (layer F.Cu) (tedit 58057B75) (tstamp 5D3F376F)
    (at 166.905 94.82)
    (descr MXALPS)
    (tags MXALPS)
    (path /5D3FBE14)
    (fp_text reference K5 (at 0 -3.048) (layer B.SilkS)
      (effects (font (size 1 1) (thickness 0.2)) (justify mirror))
    )
    (fp_text value KEYSW (at 5.334 10.922) (layer B.SilkS) hide
      (effects (font (size 1.524 1.524) (thickness 0.3048)) (justify mirror))
    )
    (fp_line (start -7.62 7.62) (end -7.62 -7.62) (layer Dwgs.User) (width 0.3))
    (fp_line (start 7.62 7.62) (end -7.62 7.62) (layer Dwgs.User) (width 0.3))
    (fp_line (start 7.62 -7.62) (end 7.62 7.62) (layer Dwgs.User) (width 0.3))
    (fp_line (start -7.62 -7.62) (end 7.62 -7.62) (layer Dwgs.User) (width 0.3))
    (fp_line (start 7.75 -6.4) (end -7.75 -6.4) (layer Dwgs.User) (width 0.3))
    (fp_line (start 7.75 6.4) (end 7.75 -6.4) (layer Dwgs.User) (width 0.3))
    (fp_line (start -7.75 6.4) (end 7.75 6.4) (layer Dwgs.User) (width 0.3))
    (fp_line (start -7.75 6.4) (end -7.75 -6.4) (layer Dwgs.User) (width 0.3))
    (fp_line (start -6.985 6.985) (end -6.985 -6.985) (layer Eco2.User) (width 0.1524))
    (fp_line (start 6.985 6.985) (end -6.985 6.985) (layer Eco2.User) (width 0.1524))
    (fp_line (start 6.985 -6.985) (end 6.985 6.985) (layer Eco2.User) (width 0.1524))
    (fp_line (start -6.985 -6.985) (end 6.985 -6.985) (layer Eco2.User) (width 0.1524))
    (fp_line (start -6.35 -4.572) (end -6.35 -6.35) (layer F.SilkS) (width 0.381))
    (fp_line (start -6.35 6.35) (end -6.35 4.572) (layer F.SilkS) (width 0.381))
    (fp_line (start -4.572 6.35) (end -6.35 6.35) (layer F.SilkS) (width 0.381))
    (fp_line (start 6.35 6.35) (end 4.572 6.35) (layer F.SilkS) (width 0.381))
    (fp_line (start 6.35 4.572) (end 6.35 6.35) (layer F.SilkS) (width 0.381))
    (fp_line (start 6.35 -6.35) (end 6.35 -4.572) (layer F.SilkS) (width 0.381))
    (fp_line (start 4.572 -6.35) (end 6.35 -6.35) (layer F.SilkS) (width 0.381))
    (fp_line (start -6.35 -6.35) (end -4.572 -6.35) (layer F.SilkS) (width 0.381))
    (fp_line (start -9.398 9.398) (end -9.398 -9.398) (layer Dwgs.User) (width 0.1524))
    (fp_line (start 9.398 9.398) (end -9.398 9.398) (layer Dwgs.User) (width 0.1524))
    (fp_line (start 9.398 -9.398) (end 9.398 9.398) (layer Dwgs.User) (width 0.1524))
    (fp_line (start -9.398 -9.398) (end 9.398 -9.398) (layer Dwgs.User) (width 0.1524))
    (fp_line (start -6.35 6.35) (end -6.35 -6.35) (layer Cmts.User) (width 0.1524))
    (fp_line (start 6.35 6.35) (end -6.35 6.35) (layer Cmts.User) (width 0.1524))
    (fp_line (start 6.35 -6.35) (end 6.35 6.35) (layer Cmts.User) (width 0.1524))
    (fp_line (start -6.35 -6.35) (end 6.35 -6.35) (layer Cmts.User) (width 0.1524))
    (pad 2 thru_hole oval (at 2.52 -4.79 356.1) (size 2.5 3.08) (drill oval 1.5 2.08) (layers *.Cu *.Mask F.SilkS)
      (net 12 "Net-(D5-Pad2)"))
    (pad 1 thru_hole oval (at -3.405 -3.27 330.95) (size 2.5 4.17) (drill oval 1.5 3.17) (layers *.Cu *.Mask F.SilkS)
      (net 19 /COL2))
    (pad HOLE np_thru_hole circle (at 5.08 0) (size 1.7018 1.7018) (drill 1.7018) (layers *.Cu))
    (pad HOLE np_thru_hole circle (at -5.08 0) (size 1.7018 1.7018) (drill 1.7018) (layers *.Cu))
    (pad HOLE np_thru_hole circle (at 0 0) (size 3.9878 3.9878) (drill 3.9878) (layers *.Cu))
  )

  (module Capacitor_SMD:C_0805_2012Metric_Pad1.15x1.40mm_HandSolder (layer B.Cu) (tedit 5B36C52B) (tstamp 5D3F2B54)
    (at 129.92 102.79)
    (descr "Capacitor SMD 0805 (2012 Metric), square (rectangular) end terminal, IPC_7351 nominal with elongated pad for handsoldering. (Body size source: https://docs.google.com/spreadsheets/d/1BsfQQcO9C6DZCsRaXUlFlo91Tg2WpOkGARC1WS5S8t0/edit?usp=sharing), generated with kicad-footprint-generator")
    (tags "capacitor handsolder")
    (path /5D3EDA65)
    (attr smd)
    (fp_text reference C1 (at -2.85 -0.05) (layer B.SilkS)
      (effects (font (size 1 1) (thickness 0.15)) (justify mirror))
    )
    (fp_text value 1u (at 0 -1.65) (layer B.Fab)
      (effects (font (size 1 1) (thickness 0.15)) (justify mirror))
    )
    (fp_text user %R (at 0 0) (layer B.Fab)
      (effects (font (size 0.5 0.5) (thickness 0.08)) (justify mirror))
    )
    (fp_line (start 1.85 -0.95) (end -1.85 -0.95) (layer B.CrtYd) (width 0.05))
    (fp_line (start 1.85 0.95) (end 1.85 -0.95) (layer B.CrtYd) (width 0.05))
    (fp_line (start -1.85 0.95) (end 1.85 0.95) (layer B.CrtYd) (width 0.05))
    (fp_line (start -1.85 -0.95) (end -1.85 0.95) (layer B.CrtYd) (width 0.05))
    (fp_line (start -0.261252 -0.71) (end 0.261252 -0.71) (layer B.SilkS) (width 0.12))
    (fp_line (start -0.261252 0.71) (end 0.261252 0.71) (layer B.SilkS) (width 0.12))
    (fp_line (start 1 -0.6) (end -1 -0.6) (layer B.Fab) (width 0.1))
    (fp_line (start 1 0.6) (end 1 -0.6) (layer B.Fab) (width 0.1))
    (fp_line (start -1 0.6) (end 1 0.6) (layer B.Fab) (width 0.1))
    (fp_line (start -1 -0.6) (end -1 0.6) (layer B.Fab) (width 0.1))
    (pad 2 smd roundrect (at 1.025 0) (size 1.15 1.4) (layers B.Cu B.Paste B.Mask) (roundrect_rratio 0.217391)
      (net 2 /UCAP))
    (pad 1 smd roundrect (at -1.025 0) (size 1.15 1.4) (layers B.Cu B.Paste B.Mask) (roundrect_rratio 0.217391)
      (net 1 GND))
    (model ${KISYS3DMOD}/Capacitor_SMD.3dshapes/C_0805_2012Metric.wrl
      (at (xyz 0 0 0))
      (scale (xyz 1 1 1))
      (rotate (xyz 0 0 0))
    )
  )

  (module Capacitor_SMD:C_0805_2012Metric_Pad1.15x1.40mm_HandSolder (layer B.Cu) (tedit 5B36C52B) (tstamp 5D3F5DF6)
    (at 129.92 104.69 180)
    (descr "Capacitor SMD 0805 (2012 Metric), square (rectangular) end terminal, IPC_7351 nominal with elongated pad for handsoldering. (Body size source: https://docs.google.com/spreadsheets/d/1BsfQQcO9C6DZCsRaXUlFlo91Tg2WpOkGARC1WS5S8t0/edit?usp=sharing), generated with kicad-footprint-generator")
    (tags "capacitor handsolder")
    (path /5D3EEB6F)
    (attr smd)
    (fp_text reference C2 (at 2.835 0.03) (layer B.SilkS)
      (effects (font (size 1 1) (thickness 0.15)) (justify mirror))
    )
    (fp_text value 0.1u (at 0 -1.65) (layer B.Fab)
      (effects (font (size 1 1) (thickness 0.15)) (justify mirror))
    )
    (fp_line (start -1 -0.6) (end -1 0.6) (layer B.Fab) (width 0.1))
    (fp_line (start -1 0.6) (end 1 0.6) (layer B.Fab) (width 0.1))
    (fp_line (start 1 0.6) (end 1 -0.6) (layer B.Fab) (width 0.1))
    (fp_line (start 1 -0.6) (end -1 -0.6) (layer B.Fab) (width 0.1))
    (fp_line (start -0.261252 0.71) (end 0.261252 0.71) (layer B.SilkS) (width 0.12))
    (fp_line (start -0.261252 -0.71) (end 0.261252 -0.71) (layer B.SilkS) (width 0.12))
    (fp_line (start -1.85 -0.95) (end -1.85 0.95) (layer B.CrtYd) (width 0.05))
    (fp_line (start -1.85 0.95) (end 1.85 0.95) (layer B.CrtYd) (width 0.05))
    (fp_line (start 1.85 0.95) (end 1.85 -0.95) (layer B.CrtYd) (width 0.05))
    (fp_line (start 1.85 -0.95) (end -1.85 -0.95) (layer B.CrtYd) (width 0.05))
    (fp_text user %R (at 0 0) (layer B.Fab)
      (effects (font (size 0.5 0.5) (thickness 0.08)) (justify mirror))
    )
    (pad 1 smd roundrect (at -1.025 0 180) (size 1.15 1.4) (layers B.Cu B.Paste B.Mask) (roundrect_rratio 0.217391)
      (net 3 /VUSB))
    (pad 2 smd roundrect (at 1.025 0 180) (size 1.15 1.4) (layers B.Cu B.Paste B.Mask) (roundrect_rratio 0.217391)
      (net 1 GND))
    (model ${KISYS3DMOD}/Capacitor_SMD.3dshapes/C_0805_2012Metric.wrl
      (at (xyz 0 0 0))
      (scale (xyz 1 1 1))
      (rotate (xyz 0 0 0))
    )
  )

  (module Capacitor_SMD:C_0805_2012Metric_Pad1.15x1.40mm_HandSolder (layer B.Cu) (tedit 5B36C52B) (tstamp 5D3FF102)
    (at 129.92 106.59 180)
    (descr "Capacitor SMD 0805 (2012 Metric), square (rectangular) end terminal, IPC_7351 nominal with elongated pad for handsoldering. (Body size source: https://docs.google.com/spreadsheets/d/1BsfQQcO9C6DZCsRaXUlFlo91Tg2WpOkGARC1WS5S8t0/edit?usp=sharing), generated with kicad-footprint-generator")
    (tags "capacitor handsolder")
    (path /5D3EF0A6)
    (attr smd)
    (fp_text reference C3 (at 2.815 0.03) (layer B.SilkS)
      (effects (font (size 1 1) (thickness 0.15)) (justify mirror))
    )
    (fp_text value 0.1u (at 0 -1.65) (layer B.Fab)
      (effects (font (size 1 1) (thickness 0.15)) (justify mirror))
    )
    (fp_text user %R (at 0 0) (layer B.Fab)
      (effects (font (size 0.5 0.5) (thickness 0.08)) (justify mirror))
    )
    (fp_line (start 1.85 -0.95) (end -1.85 -0.95) (layer B.CrtYd) (width 0.05))
    (fp_line (start 1.85 0.95) (end 1.85 -0.95) (layer B.CrtYd) (width 0.05))
    (fp_line (start -1.85 0.95) (end 1.85 0.95) (layer B.CrtYd) (width 0.05))
    (fp_line (start -1.85 -0.95) (end -1.85 0.95) (layer B.CrtYd) (width 0.05))
    (fp_line (start -0.261252 -0.71) (end 0.261252 -0.71) (layer B.SilkS) (width 0.12))
    (fp_line (start -0.261252 0.71) (end 0.261252 0.71) (layer B.SilkS) (width 0.12))
    (fp_line (start 1 -0.6) (end -1 -0.6) (layer B.Fab) (width 0.1))
    (fp_line (start 1 0.6) (end 1 -0.6) (layer B.Fab) (width 0.1))
    (fp_line (start -1 0.6) (end 1 0.6) (layer B.Fab) (width 0.1))
    (fp_line (start -1 -0.6) (end -1 0.6) (layer B.Fab) (width 0.1))
    (pad 2 smd roundrect (at 1.025 0 180) (size 1.15 1.4) (layers B.Cu B.Paste B.Mask) (roundrect_rratio 0.217391)
      (net 1 GND))
    (pad 1 smd roundrect (at -1.025 0 180) (size 1.15 1.4) (layers B.Cu B.Paste B.Mask) (roundrect_rratio 0.217391)
      (net 3 /VUSB))
    (model ${KISYS3DMOD}/Capacitor_SMD.3dshapes/C_0805_2012Metric.wrl
      (at (xyz 0 0 0))
      (scale (xyz 1 1 1))
      (rotate (xyz 0 0 0))
    )
  )

  (module Capacitor_SMD:C_0805_2012Metric_Pad1.15x1.40mm_HandSolder (layer B.Cu) (tedit 5B36C52B) (tstamp 5D3F2B87)
    (at 135.6 111.695 270)
    (descr "Capacitor SMD 0805 (2012 Metric), square (rectangular) end terminal, IPC_7351 nominal with elongated pad for handsoldering. (Body size source: https://docs.google.com/spreadsheets/d/1BsfQQcO9C6DZCsRaXUlFlo91Tg2WpOkGARC1WS5S8t0/edit?usp=sharing), generated with kicad-footprint-generator")
    (tags "capacitor handsolder")
    (path /5D3EF9F5)
    (attr smd)
    (fp_text reference C4 (at 2.815 -0.05 90) (layer B.SilkS)
      (effects (font (size 1 1) (thickness 0.15)) (justify mirror))
    )
    (fp_text value 0.1u (at 0 -1.65 90) (layer B.Fab)
      (effects (font (size 1 1) (thickness 0.15)) (justify mirror))
    )
    (fp_line (start -1 -0.6) (end -1 0.6) (layer B.Fab) (width 0.1))
    (fp_line (start -1 0.6) (end 1 0.6) (layer B.Fab) (width 0.1))
    (fp_line (start 1 0.6) (end 1 -0.6) (layer B.Fab) (width 0.1))
    (fp_line (start 1 -0.6) (end -1 -0.6) (layer B.Fab) (width 0.1))
    (fp_line (start -0.261252 0.71) (end 0.261252 0.71) (layer B.SilkS) (width 0.12))
    (fp_line (start -0.261252 -0.71) (end 0.261252 -0.71) (layer B.SilkS) (width 0.12))
    (fp_line (start -1.85 -0.95) (end -1.85 0.95) (layer B.CrtYd) (width 0.05))
    (fp_line (start -1.85 0.95) (end 1.85 0.95) (layer B.CrtYd) (width 0.05))
    (fp_line (start 1.85 0.95) (end 1.85 -0.95) (layer B.CrtYd) (width 0.05))
    (fp_line (start 1.85 -0.95) (end -1.85 -0.95) (layer B.CrtYd) (width 0.05))
    (fp_text user %R (at 0 0 90) (layer B.Fab)
      (effects (font (size 0.5 0.5) (thickness 0.08)) (justify mirror))
    )
    (pad 1 smd roundrect (at -1.025 0 270) (size 1.15 1.4) (layers B.Cu B.Paste B.Mask) (roundrect_rratio 0.217391)
      (net 3 /VUSB))
    (pad 2 smd roundrect (at 1.025 0 270) (size 1.15 1.4) (layers B.Cu B.Paste B.Mask) (roundrect_rratio 0.217391)
      (net 1 GND))
    (model ${KISYS3DMOD}/Capacitor_SMD.3dshapes/C_0805_2012Metric.wrl
      (at (xyz 0 0 0))
      (scale (xyz 1 1 1))
      (rotate (xyz 0 0 0))
    )
  )

  (module Capacitor_SMD:C_0805_2012Metric_Pad1.15x1.40mm_HandSolder (layer B.Cu) (tedit 5B36C52B) (tstamp 5D3F4404)
    (at 137.52 111.665 270)
    (descr "Capacitor SMD 0805 (2012 Metric), square (rectangular) end terminal, IPC_7351 nominal with elongated pad for handsoldering. (Body size source: https://docs.google.com/spreadsheets/d/1BsfQQcO9C6DZCsRaXUlFlo91Tg2WpOkGARC1WS5S8t0/edit?usp=sharing), generated with kicad-footprint-generator")
    (tags "capacitor handsolder")
    (path /5D3EFDEF)
    (attr smd)
    (fp_text reference C5 (at 2.845 -0.05 90) (layer B.SilkS)
      (effects (font (size 1 1) (thickness 0.15)) (justify mirror))
    )
    (fp_text value 0.1u (at 0 -1.65 90) (layer B.Fab)
      (effects (font (size 1 1) (thickness 0.15)) (justify mirror))
    )
    (fp_text user %R (at 0 0 90) (layer B.Fab)
      (effects (font (size 0.5 0.5) (thickness 0.08)) (justify mirror))
    )
    (fp_line (start 1.85 -0.95) (end -1.85 -0.95) (layer B.CrtYd) (width 0.05))
    (fp_line (start 1.85 0.95) (end 1.85 -0.95) (layer B.CrtYd) (width 0.05))
    (fp_line (start -1.85 0.95) (end 1.85 0.95) (layer B.CrtYd) (width 0.05))
    (fp_line (start -1.85 -0.95) (end -1.85 0.95) (layer B.CrtYd) (width 0.05))
    (fp_line (start -0.261252 -0.71) (end 0.261252 -0.71) (layer B.SilkS) (width 0.12))
    (fp_line (start -0.261252 0.71) (end 0.261252 0.71) (layer B.SilkS) (width 0.12))
    (fp_line (start 1 -0.6) (end -1 -0.6) (layer B.Fab) (width 0.1))
    (fp_line (start 1 0.6) (end 1 -0.6) (layer B.Fab) (width 0.1))
    (fp_line (start -1 0.6) (end 1 0.6) (layer B.Fab) (width 0.1))
    (fp_line (start -1 -0.6) (end -1 0.6) (layer B.Fab) (width 0.1))
    (pad 2 smd roundrect (at 1.025 0 270) (size 1.15 1.4) (layers B.Cu B.Paste B.Mask) (roundrect_rratio 0.217391)
      (net 1 GND))
    (pad 1 smd roundrect (at -1.025 0 270) (size 1.15 1.4) (layers B.Cu B.Paste B.Mask) (roundrect_rratio 0.217391)
      (net 3 /VUSB))
    (model ${KISYS3DMOD}/Capacitor_SMD.3dshapes/C_0805_2012Metric.wrl
      (at (xyz 0 0 0))
      (scale (xyz 1 1 1))
      (rotate (xyz 0 0 0))
    )
  )

  (module Capacitor_SMD:C_0805_2012Metric_Pad1.15x1.40mm_HandSolder (layer B.Cu) (tedit 5B36C52B) (tstamp 5D3FBBF2)
    (at 139.43 111.665 270)
    (descr "Capacitor SMD 0805 (2012 Metric), square (rectangular) end terminal, IPC_7351 nominal with elongated pad for handsoldering. (Body size source: https://docs.google.com/spreadsheets/d/1BsfQQcO9C6DZCsRaXUlFlo91Tg2WpOkGARC1WS5S8t0/edit?usp=sharing), generated with kicad-footprint-generator")
    (tags "capacitor handsolder")
    (path /5D3F04C9)
    (attr smd)
    (fp_text reference C6 (at 2.825 -0.03175 90) (layer B.SilkS)
      (effects (font (size 1 1) (thickness 0.15)) (justify mirror))
    )
    (fp_text value 4.7u (at 0 -1.65 90) (layer B.Fab)
      (effects (font (size 1 1) (thickness 0.15)) (justify mirror))
    )
    (fp_line (start -1 -0.6) (end -1 0.6) (layer B.Fab) (width 0.1))
    (fp_line (start -1 0.6) (end 1 0.6) (layer B.Fab) (width 0.1))
    (fp_line (start 1 0.6) (end 1 -0.6) (layer B.Fab) (width 0.1))
    (fp_line (start 1 -0.6) (end -1 -0.6) (layer B.Fab) (width 0.1))
    (fp_line (start -0.261252 0.71) (end 0.261252 0.71) (layer B.SilkS) (width 0.12))
    (fp_line (start -0.261252 -0.71) (end 0.261252 -0.71) (layer B.SilkS) (width 0.12))
    (fp_line (start -1.85 -0.95) (end -1.85 0.95) (layer B.CrtYd) (width 0.05))
    (fp_line (start -1.85 0.95) (end 1.85 0.95) (layer B.CrtYd) (width 0.05))
    (fp_line (start 1.85 0.95) (end 1.85 -0.95) (layer B.CrtYd) (width 0.05))
    (fp_line (start 1.85 -0.95) (end -1.85 -0.95) (layer B.CrtYd) (width 0.05))
    (fp_text user %R (at 0 0 90) (layer B.Fab)
      (effects (font (size 0.5 0.5) (thickness 0.08)) (justify mirror))
    )
    (pad 1 smd roundrect (at -1.025 0 270) (size 1.15 1.4) (layers B.Cu B.Paste B.Mask) (roundrect_rratio 0.217391)
      (net 3 /VUSB))
    (pad 2 smd roundrect (at 1.025 0 270) (size 1.15 1.4) (layers B.Cu B.Paste B.Mask) (roundrect_rratio 0.217391)
      (net 1 GND))
    (model ${KISYS3DMOD}/Capacitor_SMD.3dshapes/C_0805_2012Metric.wrl
      (at (xyz 0 0 0))
      (scale (xyz 1 1 1))
      (rotate (xyz 0 0 0))
    )
  )

  (module Capacitor_SMD:C_0805_2012Metric_Pad1.15x1.40mm_HandSolder (layer B.Cu) (tedit 5B36C52B) (tstamp 5D3FC011)
    (at 135.300166 90.445734 45)
    (descr "Capacitor SMD 0805 (2012 Metric), square (rectangular) end terminal, IPC_7351 nominal with elongated pad for handsoldering. (Body size source: https://docs.google.com/spreadsheets/d/1BsfQQcO9C6DZCsRaXUlFlo91Tg2WpOkGARC1WS5S8t0/edit?usp=sharing), generated with kicad-footprint-generator")
    (tags "capacitor handsolder")
    (path /5D3F06FA)
    (attr smd)
    (fp_text reference C7 (at 0.126974 -1.616446 45) (layer B.SilkS)
      (effects (font (size 1 1) (thickness 0.15)) (justify mirror))
    )
    (fp_text value 22p (at 0 -1.65 45) (layer B.Fab)
      (effects (font (size 1 1) (thickness 0.15)) (justify mirror))
    )
    (fp_text user %R (at 0 0 45) (layer B.Fab)
      (effects (font (size 0.5 0.5) (thickness 0.08)) (justify mirror))
    )
    (fp_line (start 1.85 -0.95) (end -1.85 -0.95) (layer B.CrtYd) (width 0.05))
    (fp_line (start 1.85 0.95) (end 1.85 -0.95) (layer B.CrtYd) (width 0.05))
    (fp_line (start -1.85 0.95) (end 1.85 0.95) (layer B.CrtYd) (width 0.05))
    (fp_line (start -1.85 -0.95) (end -1.85 0.95) (layer B.CrtYd) (width 0.05))
    (fp_line (start -0.261252 -0.71) (end 0.261252 -0.71) (layer B.SilkS) (width 0.12))
    (fp_line (start -0.261252 0.71) (end 0.261252 0.71) (layer B.SilkS) (width 0.12))
    (fp_line (start 1 -0.6) (end -1 -0.6) (layer B.Fab) (width 0.1))
    (fp_line (start 1 0.6) (end 1 -0.6) (layer B.Fab) (width 0.1))
    (fp_line (start -1 0.6) (end 1 0.6) (layer B.Fab) (width 0.1))
    (fp_line (start -1 -0.6) (end -1 0.6) (layer B.Fab) (width 0.1))
    (pad 2 smd roundrect (at 1.025 0 45) (size 1.15 1.4) (layers B.Cu B.Paste B.Mask) (roundrect_rratio 0.217391)
      (net 1 GND))
    (pad 1 smd roundrect (at -1.025 0 45) (size 1.15 1.4) (layers B.Cu B.Paste B.Mask) (roundrect_rratio 0.217391)
      (net 4 /XTAL1))
    (model ${KISYS3DMOD}/Capacitor_SMD.3dshapes/C_0805_2012Metric.wrl
      (at (xyz 0 0 0))
      (scale (xyz 1 1 1))
      (rotate (xyz 0 0 0))
    )
  )

  (module Capacitor_SMD:C_0805_2012Metric_Pad1.15x1.40mm_HandSolder (layer B.Cu) (tedit 5B36C52B) (tstamp 5D3FC041)
    (at 140.888166 89.758166 135)
    (descr "Capacitor SMD 0805 (2012 Metric), square (rectangular) end terminal, IPC_7351 nominal with elongated pad for handsoldering. (Body size source: https://docs.google.com/spreadsheets/d/1BsfQQcO9C6DZCsRaXUlFlo91Tg2WpOkGARC1WS5S8t0/edit?usp=sharing), generated with kicad-footprint-generator")
    (tags "capacitor handsolder")
    (path /5D3F0AC8)
    (attr smd)
    (fp_text reference C8 (at 0 1.65 135) (layer B.SilkS)
      (effects (font (size 1 1) (thickness 0.15)) (justify mirror))
    )
    (fp_text value 22p (at 0 -1.65 135) (layer B.Fab)
      (effects (font (size 1 1) (thickness 0.15)) (justify mirror))
    )
    (fp_line (start -1 -0.6) (end -1 0.6) (layer B.Fab) (width 0.1))
    (fp_line (start -1 0.6) (end 1 0.6) (layer B.Fab) (width 0.1))
    (fp_line (start 1 0.6) (end 1 -0.6) (layer B.Fab) (width 0.1))
    (fp_line (start 1 -0.6) (end -1 -0.6) (layer B.Fab) (width 0.1))
    (fp_line (start -0.261252 0.71) (end 0.261252 0.71) (layer B.SilkS) (width 0.12))
    (fp_line (start -0.261252 -0.71) (end 0.261252 -0.71) (layer B.SilkS) (width 0.12))
    (fp_line (start -1.85 -0.95) (end -1.85 0.95) (layer B.CrtYd) (width 0.05))
    (fp_line (start -1.85 0.95) (end 1.85 0.95) (layer B.CrtYd) (width 0.05))
    (fp_line (start 1.85 0.95) (end 1.85 -0.95) (layer B.CrtYd) (width 0.05))
    (fp_line (start 1.85 -0.95) (end -1.85 -0.95) (layer B.CrtYd) (width 0.05))
    (fp_text user %R (at 0 0 135) (layer B.Fab)
      (effects (font (size 0.5 0.5) (thickness 0.08)) (justify mirror))
    )
    (pad 1 smd roundrect (at -1.025 0 135) (size 1.15 1.4) (layers B.Cu B.Paste B.Mask) (roundrect_rratio 0.217391)
      (net 5 /XTAL2))
    (pad 2 smd roundrect (at 1.025 0 135) (size 1.15 1.4) (layers B.Cu B.Paste B.Mask) (roundrect_rratio 0.217391)
      (net 1 GND))
    (model ${KISYS3DMOD}/Capacitor_SMD.3dshapes/C_0805_2012Metric.wrl
      (at (xyz 0 0 0))
      (scale (xyz 1 1 1))
      (rotate (xyz 0 0 0))
    )
  )

  (module keyboard_parts:USB_miniB_hirose_5S8 (layer B.Cu) (tedit 5950B1FC) (tstamp 5D3FD386)
    (at 157.4054 91.5434)
    (descr "USB miniB hirose UX60SC-MB-5S8")
    (tags "USB miniB hirose through hole UX60SC-MB-5S8")
    (path /5D3E66FE)
    (fp_text reference J1 (at 4.9276 -5.1054) (layer B.SilkS)
      (effects (font (size 0.8128 0.8128) (thickness 0.2032)) (justify mirror))
    )
    (fp_text value USB_mini_micro_B (at 0 -7.95) (layer Dwgs.User) hide
      (effects (font (size 1.524 1.524) (thickness 0.3048)))
    )
    (fp_line (start -3.85 -6.6) (end 3.85 -6.6) (layer Dwgs.User) (width 0.2))
    (fp_text user "PCB edge" (at -0.05 -5.35) (layer Dwgs.User) hide
      (effects (font (size 0.5 0.5) (thickness 0.125)))
    )
    (fp_line (start 3.85 -6.6) (end 3.85 -5.7) (layer Dwgs.User) (width 0.2))
    (fp_line (start -3.85 -6.6) (end -3.85 -5.7) (layer Dwgs.User) (width 0.2))
    (fp_line (start -1 -6.1) (end 1 -6.1) (layer Dwgs.User) (width 0.2))
    (fp_line (start -3.85 0.4) (end 3.85 0.4) (layer B.SilkS) (width 0.2))
    (fp_line (start -3.85 0.4) (end -3.85 -6.1) (layer B.SilkS) (width 0.2))
    (fp_line (start 3.85 0.4) (end 3.85 -6.1) (layer B.SilkS) (width 0.2))
    (pad 6 thru_hole oval (at 3.65 -2.4) (size 1.5 4) (drill oval 0.7 3.2) (layers *.Cu *.Mask B.Paste)
      (net 1 GND))
    (pad 6 thru_hole oval (at -3.65 -2.4) (size 1.5 4) (drill oval 0.7 3.2) (layers *.Cu *.Mask B.Paste)
      (net 1 GND))
    (pad 5 smd rect (at 1.6 0) (size 0.5 1.4) (layers B.Cu B.Paste B.Mask)
      (net 1 GND))
    (pad 4 smd rect (at 0.8 0) (size 0.5 1.4) (layers B.Cu B.Paste B.Mask)
      (net 16 "Net-(J1-Pad4)"))
    (pad 3 smd rect (at 0 0) (size 0.5 1.4) (layers B.Cu B.Paste B.Mask)
      (net 15 "Net-(J1-Pad3)"))
    (pad 2 smd rect (at -0.8 0) (size 0.5 1.4) (layers B.Cu B.Paste B.Mask)
      (net 14 "Net-(J1-Pad2)"))
    (pad 1 smd rect (at -1.6 0) (size 0.5 1.4) (layers B.Cu B.Paste B.Mask)
      (net 3 /VUSB))
    (pad 6 smd rect (at -2.675 -5.2) (size 2.35 0.8) (layers B.Cu B.Paste B.Mask)
      (net 1 GND))
    (pad 6 smd rect (at 2.675 -5.2) (size 2.35 0.8) (layers B.Cu B.Paste B.Mask)
      (net 1 GND))
  )

  (module Resistor_SMD:R_0805_2012Metric_Pad1.15x1.40mm_HandSolder (layer B.Cu) (tedit 5B36C52B) (tstamp 5D3F2D99)
    (at 155.63375 94.66125 90)
    (descr "Resistor SMD 0805 (2012 Metric), square (rectangular) end terminal, IPC_7351 nominal with elongated pad for handsoldering. (Body size source: https://docs.google.com/spreadsheets/d/1BsfQQcO9C6DZCsRaXUlFlo91Tg2WpOkGARC1WS5S8t0/edit?usp=sharing), generated with kicad-footprint-generator")
    (tags "resistor handsolder")
    (path /5D3F0F0B)
    (attr smd)
    (fp_text reference R1 (at -2.95275 0 180) (layer B.SilkS)
      (effects (font (size 1 1) (thickness 0.15)) (justify mirror))
    )
    (fp_text value 22 (at 0 -1.65 90) (layer B.Fab)
      (effects (font (size 1 1) (thickness 0.15)) (justify mirror))
    )
    (fp_text user %R (at 0 0 90) (layer B.Fab)
      (effects (font (size 0.5 0.5) (thickness 0.08)) (justify mirror))
    )
    (fp_line (start 1.85 -0.95) (end -1.85 -0.95) (layer B.CrtYd) (width 0.05))
    (fp_line (start 1.85 0.95) (end 1.85 -0.95) (layer B.CrtYd) (width 0.05))
    (fp_line (start -1.85 0.95) (end 1.85 0.95) (layer B.CrtYd) (width 0.05))
    (fp_line (start -1.85 -0.95) (end -1.85 0.95) (layer B.CrtYd) (width 0.05))
    (fp_line (start -0.261252 -0.71) (end 0.261252 -0.71) (layer B.SilkS) (width 0.12))
    (fp_line (start -0.261252 0.71) (end 0.261252 0.71) (layer B.SilkS) (width 0.12))
    (fp_line (start 1 -0.6) (end -1 -0.6) (layer B.Fab) (width 0.1))
    (fp_line (start 1 0.6) (end 1 -0.6) (layer B.Fab) (width 0.1))
    (fp_line (start -1 0.6) (end 1 0.6) (layer B.Fab) (width 0.1))
    (fp_line (start -1 -0.6) (end -1 0.6) (layer B.Fab) (width 0.1))
    (pad 2 smd roundrect (at 1.025 0 90) (size 1.15 1.4) (layers B.Cu B.Paste B.Mask) (roundrect_rratio 0.217391)
      (net 14 "Net-(J1-Pad2)"))
    (pad 1 smd roundrect (at -1.025 0 90) (size 1.15 1.4) (layers B.Cu B.Paste B.Mask) (roundrect_rratio 0.217391)
      (net 20 /D-))
    (model ${KISYS3DMOD}/Resistor_SMD.3dshapes/R_0805_2012Metric.wrl
      (at (xyz 0 0 0))
      (scale (xyz 1 1 1))
      (rotate (xyz 0 0 0))
    )
  )

  (module Resistor_SMD:R_0805_2012Metric_Pad1.15x1.40mm_HandSolder (layer B.Cu) (tedit 5B36C52B) (tstamp 5D3F42E5)
    (at 158.5738 94.6512 90)
    (descr "Resistor SMD 0805 (2012 Metric), square (rectangular) end terminal, IPC_7351 nominal with elongated pad for handsoldering. (Body size source: https://docs.google.com/spreadsheets/d/1BsfQQcO9C6DZCsRaXUlFlo91Tg2WpOkGARC1WS5S8t0/edit?usp=sharing), generated with kicad-footprint-generator")
    (tags "resistor handsolder")
    (path /5D3F1ACB)
    (attr smd)
    (fp_text reference R2 (at -2.9628 -0.0508 180) (layer B.SilkS)
      (effects (font (size 1 1) (thickness 0.15)) (justify mirror))
    )
    (fp_text value 22 (at 0 -1.65 90) (layer B.Fab)
      (effects (font (size 1 1) (thickness 0.15)) (justify mirror))
    )
    (fp_line (start -1 -0.6) (end -1 0.6) (layer B.Fab) (width 0.1))
    (fp_line (start -1 0.6) (end 1 0.6) (layer B.Fab) (width 0.1))
    (fp_line (start 1 0.6) (end 1 -0.6) (layer B.Fab) (width 0.1))
    (fp_line (start 1 -0.6) (end -1 -0.6) (layer B.Fab) (width 0.1))
    (fp_line (start -0.261252 0.71) (end 0.261252 0.71) (layer B.SilkS) (width 0.12))
    (fp_line (start -0.261252 -0.71) (end 0.261252 -0.71) (layer B.SilkS) (width 0.12))
    (fp_line (start -1.85 -0.95) (end -1.85 0.95) (layer B.CrtYd) (width 0.05))
    (fp_line (start -1.85 0.95) (end 1.85 0.95) (layer B.CrtYd) (width 0.05))
    (fp_line (start 1.85 0.95) (end 1.85 -0.95) (layer B.CrtYd) (width 0.05))
    (fp_line (start 1.85 -0.95) (end -1.85 -0.95) (layer B.CrtYd) (width 0.05))
    (fp_text user %R (at 0 0 90) (layer B.Fab)
      (effects (font (size 0.5 0.5) (thickness 0.08)) (justify mirror))
    )
    (pad 1 smd roundrect (at -1.025 0 90) (size 1.15 1.4) (layers B.Cu B.Paste B.Mask) (roundrect_rratio 0.217391)
      (net 21 /D+))
    (pad 2 smd roundrect (at 1.025 0 90) (size 1.15 1.4) (layers B.Cu B.Paste B.Mask) (roundrect_rratio 0.217391)
      (net 15 "Net-(J1-Pad3)"))
    (model ${KISYS3DMOD}/Resistor_SMD.3dshapes/R_0805_2012Metric.wrl
      (at (xyz 0 0 0))
      (scale (xyz 1 1 1))
      (rotate (xyz 0 0 0))
    )
  )

  (module Resistor_SMD:R_0805_2012Metric_Pad1.15x1.40mm_HandSolder (layer B.Cu) (tedit 5B36C52B) (tstamp 5D3F2DBB)
    (at 152.1476 103.456 270)
    (descr "Resistor SMD 0805 (2012 Metric), square (rectangular) end terminal, IPC_7351 nominal with elongated pad for handsoldering. (Body size source: https://docs.google.com/spreadsheets/d/1BsfQQcO9C6DZCsRaXUlFlo91Tg2WpOkGARC1WS5S8t0/edit?usp=sharing), generated with kicad-footprint-generator")
    (tags "resistor handsolder")
    (path /5D3FCB1C)
    (attr smd)
    (fp_text reference R3 (at 0 1.65 90) (layer B.SilkS)
      (effects (font (size 1 1) (thickness 0.15)) (justify mirror))
    )
    (fp_text value 10k (at 0 -1.65 90) (layer B.Fab)
      (effects (font (size 1 1) (thickness 0.15)) (justify mirror))
    )
    (fp_text user %R (at 0 0 90) (layer B.Fab)
      (effects (font (size 0.5 0.5) (thickness 0.08)) (justify mirror))
    )
    (fp_line (start 1.85 -0.95) (end -1.85 -0.95) (layer B.CrtYd) (width 0.05))
    (fp_line (start 1.85 0.95) (end 1.85 -0.95) (layer B.CrtYd) (width 0.05))
    (fp_line (start -1.85 0.95) (end 1.85 0.95) (layer B.CrtYd) (width 0.05))
    (fp_line (start -1.85 -0.95) (end -1.85 0.95) (layer B.CrtYd) (width 0.05))
    (fp_line (start -0.261252 -0.71) (end 0.261252 -0.71) (layer B.SilkS) (width 0.12))
    (fp_line (start -0.261252 0.71) (end 0.261252 0.71) (layer B.SilkS) (width 0.12))
    (fp_line (start 1 -0.6) (end -1 -0.6) (layer B.Fab) (width 0.1))
    (fp_line (start 1 0.6) (end 1 -0.6) (layer B.Fab) (width 0.1))
    (fp_line (start -1 0.6) (end 1 0.6) (layer B.Fab) (width 0.1))
    (fp_line (start -1 -0.6) (end -1 0.6) (layer B.Fab) (width 0.1))
    (pad 2 smd roundrect (at 1.025 0 270) (size 1.15 1.4) (layers B.Cu B.Paste B.Mask) (roundrect_rratio 0.217391)
      (net 3 /VUSB))
    (pad 1 smd roundrect (at -1.025 0 270) (size 1.15 1.4) (layers B.Cu B.Paste B.Mask) (roundrect_rratio 0.217391)
      (net 22 /~RESET~))
    (model ${KISYS3DMOD}/Resistor_SMD.3dshapes/R_0805_2012Metric.wrl
      (at (xyz 0 0 0))
      (scale (xyz 1 1 1))
      (rotate (xyz 0 0 0))
    )
  )

  (module Resistor_SMD:R_0805_2012Metric_Pad1.15x1.40mm_HandSolder (layer B.Cu) (tedit 5B36C52B) (tstamp 5D3FECC1)
    (at 147.125 107.02 180)
    (descr "Resistor SMD 0805 (2012 Metric), square (rectangular) end terminal, IPC_7351 nominal with elongated pad for handsoldering. (Body size source: https://docs.google.com/spreadsheets/d/1BsfQQcO9C6DZCsRaXUlFlo91Tg2WpOkGARC1WS5S8t0/edit?usp=sharing), generated with kicad-footprint-generator")
    (tags "resistor handsolder")
    (path /5D3F2279)
    (attr smd)
    (fp_text reference R4 (at 0 1.65) (layer B.SilkS)
      (effects (font (size 1 1) (thickness 0.15)) (justify mirror))
    )
    (fp_text value 10k (at 0 -1.65) (layer B.Fab)
      (effects (font (size 1 1) (thickness 0.15)) (justify mirror))
    )
    (fp_line (start -1 -0.6) (end -1 0.6) (layer B.Fab) (width 0.1))
    (fp_line (start -1 0.6) (end 1 0.6) (layer B.Fab) (width 0.1))
    (fp_line (start 1 0.6) (end 1 -0.6) (layer B.Fab) (width 0.1))
    (fp_line (start 1 -0.6) (end -1 -0.6) (layer B.Fab) (width 0.1))
    (fp_line (start -0.261252 0.71) (end 0.261252 0.71) (layer B.SilkS) (width 0.12))
    (fp_line (start -0.261252 -0.71) (end 0.261252 -0.71) (layer B.SilkS) (width 0.12))
    (fp_line (start -1.85 -0.95) (end -1.85 0.95) (layer B.CrtYd) (width 0.05))
    (fp_line (start -1.85 0.95) (end 1.85 0.95) (layer B.CrtYd) (width 0.05))
    (fp_line (start 1.85 0.95) (end 1.85 -0.95) (layer B.CrtYd) (width 0.05))
    (fp_line (start 1.85 -0.95) (end -1.85 -0.95) (layer B.CrtYd) (width 0.05))
    (fp_text user %R (at 0 0) (layer B.Fab)
      (effects (font (size 0.5 0.5) (thickness 0.08)) (justify mirror))
    )
    (pad 1 smd roundrect (at -1.025 0 180) (size 1.15 1.4) (layers B.Cu B.Paste B.Mask) (roundrect_rratio 0.217391)
      (net 1 GND))
    (pad 2 smd roundrect (at 1.025 0 180) (size 1.15 1.4) (layers B.Cu B.Paste B.Mask) (roundrect_rratio 0.217391)
      (net 23 /~HWB~))
    (model ${KISYS3DMOD}/Resistor_SMD.3dshapes/R_0805_2012Metric.wrl
      (at (xyz 0 0 0))
      (scale (xyz 1 1 1))
      (rotate (xyz 0 0 0))
    )
  )

  (module Button_Switch_SMD:SW_SPST_TL3342 (layer B.Cu) (tedit 5A02FC95) (tstamp 5D3F2E02)
    (at 157.4054 104.2942)
    (descr "Low-profile SMD Tactile Switch, https://www.e-switch.com/system/asset/product_line/data_sheet/165/TL3342.pdf")
    (tags "SPST Tactile Switch")
    (path /5D3EC745)
    (attr smd)
    (fp_text reference SW1 (at 0 3.75) (layer B.SilkS)
      (effects (font (size 1 1) (thickness 0.15)) (justify mirror))
    )
    (fp_text value SW_PUSH (at 0 -3.75) (layer B.Fab)
      (effects (font (size 1 1) (thickness 0.15)) (justify mirror))
    )
    (fp_text user %R (at 0 3.75) (layer B.Fab)
      (effects (font (size 1 1) (thickness 0.15)) (justify mirror))
    )
    (fp_line (start 3.2 -2.1) (end 3.2 -1.6) (layer B.Fab) (width 0.1))
